===========================================================================
ON CODE
===========================================================================
Decimal: 14330289 (24Bit) Binary: 110110101010100110110001 Tri-State: not applicable PulseLength: 346 microseconds Protocol: 1
Raw data: 10766,1043,359,1048,354,343,1050,1046,359,1042,359,340,1049,1047,355,344,1049,1047,358,342,1049,1045,357,343,1050,1045,359,341,1050,342,1053,1043,358,1044,360,340,1052,1043,361,1042,363,335,1056,338,1055,338,1058,1038,365,

Decimal: 14330289 (24Bit) Binary: 110110101010100110110001 Tri-State: not applicable PulseLength: 347 microseconds Protocol: 1
Raw data: 10777,1042,361,1041,365,336,1057,1042,362,1039,365,337,1058,1039,368,330,1065,1034,364,336,1059,1039,367,332,1061,1036,369,331,1067,328,1064,1034,372,1032,372,329,1062,1036,366,1037,369,332,1063,331,1061,333,1068,1030,372,

Decimal: 14330289 (24Bit) Binary: 110110101010100110110001 Tri-State: not applicable PulseLength: 347 microseconds Protocol: 1
Raw data: 10774,1045,359,1048,356,344,1049,1047,357,1046,358,341,1052,1046,359,340,1053,1045,361,339,1052,1044,360,340,1053,1047,359,340,1055,336,1058,1041,363,1038,365,338,1056,1043,361,1042,362,337,1057,337,1057,338,1055,1041,365,

Decimal: 14330289 (24Bit) Binary: 110110101010100110110001 Tri-State: not applicable PulseLength: 347 microseconds Protocol: 1
Raw data: 10787,1043,362,1043,361,338,1057,1043,362,1042,364,336,1058,1041,364,337,1058,1042,362,337,1059,1041,364,336,1059,1040,365,336,1061,334,1060,1040,364,1040,366,334,1061,1038,368,1039,366,334,1060,336,1060,333,1063,1037,367,

Decimal: 14330289 (24Bit) Binary: 110110101010100110110001 Tri-State: not applicable PulseLength: 348 microseconds Protocol: 1
Raw data: 10795,1041,364,1040,365,335,1061,1039,366,1040,367,334,1061,1039,368,333,1062,1039,367,333,1062,1036,371,333,1062,1038,368,333,1063,332,1063,1040,363,1042,366,335,1064,1037,365,1042,367,333,1064,331,1062,335,1062,1036,371,

Decimal: 14330289 (24Bit) Binary: 110110101010100110110001 Tri-State: not applicable PulseLength: 347 microseconds Protocol: 1
Raw data: 10782,1046,359,1049,355,343,1051,1048,357,1047,359,340,1055,1045,359,340,1054,1046,360,340,1055,1044,360,340,1054,1045,360,339,1056,341,1053,1045,360,1044,362,338,1057,1043,362,1042,366,334,1059,337,1058,337,1057,1043,365,

Decimal: 14330289 (24Bit) Binary: 110110101010100110110001 Tri-State: not applicable PulseLength: 346 microseconds Protocol: 1
Raw data: 10777,1049,353,1063,341,358,1035,1062,344,1058,347,350,1044,1055,350,349,1043,1055,350,348,1046,1051,354,348,1046,1052,353,346,1047,347,1048,1050,357,1048,356,343,1051,1049,356,1050,354,345,1051,343,1054,340,1053,1047,357,

Decimal: 14330289 (24Bit) Binary: 110110101010100110110001 Tri-State: not applicable PulseLength: 347 microseconds Protocol: 1
Raw data: 10795,1043,361,1043,364,336,1059,1043,364,1040,365,336,1060,1041,368,332,1061,1040,368,334,1064,1036,369,330,1065,1037,369,332,1063,333,1063,1039,369,1037,366,334,1065,1037,368,1040,365,335,1063,333,1063,332,1065,1038,369,

Decimal: 14330289 (24Bit) Binary: 110110101010100110110001 Tri-State: not applicable PulseLength: 347 microseconds Protocol: 1
Raw data: 10788,1044,361,1051,356,344,1052,1045,360,1046,359,341,1055,1045,361,340,1055,1044,364,337,1056,1044,362,338,1056,1044,364,338,1057,338,1058,1042,362,1043,364,337,1058,1042,366,1039,367,334,1062,334,1061,335,1060,1041,365,

Decimal: 14330289 (24Bit) Binary: 110110101010100110110001 Tri-State: not applicable PulseLength: 346 microseconds Protocol: 1
Raw data: 10779,1051,354,1071,338,361,1032,1066,339,1062,343,356,1039,1058,346,354,1042,1056,348,352,1042,1056,349,350,1046,1054,351,348,1047,348,1047,1052,353,1052,354,345,1050,1050,357,1048,357,344,1051,345,1050,343,1053,1046,359,

Decimal: 14330289 (24Bit) Binary: 110110101010100110110001 Tri-State: not applicable PulseLength: 348 microseconds Protocol: 1
Raw data: 10798,1043,362,1044,363,337,1060,1043,363,1042,363,338,1059,1041,366,336,1060,1041,364,338,1058,1043,365,336,1061,1040,366,332,1064,337,1061,1039,368,1038,368,333,1065,1038,367,1039,367,334,1061,337,1061,335,1064,1037,368,

Decimal: 14330289 (24Bit) Binary: 110110101010100110110001 Tri-State: not applicable PulseLength: 347 microseconds Protocol: 1
Raw data: 10796,1045,360,1048,357,343,1053,1047,359,1047,359,341,1055,1046,359,341,1055,1046,361,340,1057,1043,362,340,1055,1046,361,340,1057,337,1059,1044,363,1041,366,336,1059,1041,365,1041,366,336,1061,336,1060,336,1060,1042,365,

Decimal: 14330289 (24Bit) Binary: 110110101010100110110001 Tri-State: not applicable PulseLength: 347 microseconds Protocol: 1
Raw data: 10795,1045,360,1049,357,343,1052,1048,358,1046,360,341,1054,1047,360,342,1053,1046,362,339,1056,1046,360,340,1057,1044,362,339,1058,339,1056,1045,363,1043,362,338,1060,1041,364,1043,364,336,1060,336,1062,335,1060,1042,366,

Decimal: 14330289 (24Bit) Binary: 110110101010100110110001 Tri-State: not applicable PulseLength: 346 microseconds Protocol: 1
Raw data: 10784,1051,354,1069,335,368,1031,1063,343,1059,346,352,1043,1057,348,353,1043,1056,348,351,1046,1053,353,348,1048,1051,354,348,1047,347,1050,1050,355,1050,355,344,1053,1047,358,1049,357,344,1053,344,1052,341,1054,1048,357,

Decimal: 14330289 (24Bit) Binary: 110110101010100110110001 Tri-State: not applicable PulseLength: 348 microseconds Protocol: 1
Raw data: 10807,1041,362,1044,361,342,1055,1046,361,1043,365,336,1061,1041,366,337,1063,1037,369,333,1062,1041,365,336,1061,1041,368,334,1062,336,1061,1041,367,1039,368,333,1065,1037,371,1037,369,334,1064,333,1067,330,1066,1036,373,

Decimal: 14330289 (24Bit) Binary: 110110101010100110110001 Tri-State: not applicable PulseLength: 347 microseconds Protocol: 1
Raw data: 10800,1046,362,1048,358,341,1056,1047,359,1047,357,344,1053,1047,362,338,1059,1043,364,337,1058,1043,364,338,1058,1045,362,338,1058,338,1060,1042,365,1040,368,335,1062,1041,366,1037,370,333,1064,334,1063,332,1065,1039,364,


===========================================================================
OFF CODE
===========================================================================
Decimal: 14330290 (24Bit) Binary: 110110101010100110110010 Tri-State: not applicable PulseLength: 347 microseconds Protocol: 1
Raw data: 10777,1043,362,1044,360,337,1057,1043,362,1042,362,337,1057,1042,363,335,1060,1039,365,335,1059,1040,364,337,1057,1042,363,335,1060,334,1060,1039,365,1041,365,333,1061,1037,369,1037,367,335,1060,334,1060,1039,366,334,1061,

Decimal: 14330290 (24Bit) Binary: 110110101010100110110010 Tri-State: not applicable PulseLength: 347 microseconds Protocol: 1
Raw data: 10774,1049,357,1050,355,345,1049,1049,355,1047,356,344,1051,1049,357,341,1053,1045,360,338,1056,1047,357,342,1054,1044,361,339,1055,341,1054,1042,362,1043,363,339,1054,1044,362,1042,364,338,1057,338,1057,1042,362,339,1056,

Decimal: 14330290 (24Bit) Binary: 110110101010100110110010 Tri-State: not applicable PulseLength: 347 microseconds Protocol: 1
Raw data: 10788,1046,360,1046,361,338,1056,1043,364,1042,364,336,1058,1045,362,338,1058,1043,364,336,1059,1041,365,335,1061,1042,365,336,1059,335,1060,1043,363,1042,365,336,1060,1042,365,1041,364,336,1061,336,1060,1042,364,336,1061,

Decimal: 14330290 (24Bit) Binary: 110110101010100110110010 Tri-State: not applicable PulseLength: 347 microseconds Protocol: 1
Raw data: 10788,1044,361,1048,359,341,1053,1046,360,1044,363,338,1056,1045,360,338,1058,1044,362,337,1058,1042,364,337,1059,1043,363,335,1061,337,1058,1042,363,1043,364,334,1064,1037,368,1038,369,331,1065,331,1065,1037,368,334,1062,

Decimal: 14330290 (24Bit) Binary: 110110101010100110110010 Tri-State: not applicable PulseLength: 346 microseconds Protocol: 1
Raw data: 10776,1050,356,1066,339,359,1035,1059,347,1055,349,351,1042,1054,351,353,1043,1053,350,351,1045,1052,353,346,1049,1050,357,342,1051,346,1048,1048,357,1048,357,344,1051,1048,358,1048,358,342,1053,342,1053,1047,358,343,1053,

Decimal: 14330290 (24Bit) Binary: 110110101010100110110010 Tri-State: not applicable PulseLength: 348 microseconds Protocol: 1
Raw data: 10798,1041,365,1045,362,338,1058,1041,366,1041,366,335,1061,1041,365,337,1059,1041,366,336,1060,1040,367,334,1062,1042,364,335,1062,336,1061,1039,368,1039,368,333,1063,1039,368,1039,369,333,1062,335,1063,1038,369,331,1065,

Decimal: 14330290 (24Bit) Binary: 110110101010100110110010 Tri-State: not applicable PulseLength: 347 microseconds Protocol: 1
Raw data: 10794,1045,360,1048,359,343,1052,1048,359,1047,358,342,1054,1047,360,340,1056,1046,361,340,1054,1047,360,339,1059,1041,365,338,1058,338,1056,1044,364,1041,366,338,1058,1041,365,1042,366,334,1062,336,1061,1041,365,335,1062,

Decimal: 14330290 (24Bit) Binary: 110110101010100110110010 Tri-State: not applicable PulseLength: 345 microseconds Protocol: 1
Raw data: 10778,1054,353,1070,338,363,1029,1065,340,1062,345,355,1039,1057,348,353,1042,1056,350,350,1041,1055,353,349,1046,1055,351,350,1044,349,1047,1051,355,1051,354,345,1051,1050,356,1049,358,342,1053,343,1053,1047,357,343,1054,

Decimal: 14330290 (24Bit) Binary: 110110101010100110110010 Tri-State: not applicable PulseLength: 345 microseconds Protocol: 1
Raw data: 10782,1051,354,1073,332,371,1027,1064,341,1062,345,355,1040,1061,344,352,1044,1057,347,351,1047,1056,348,350,1047,1053,353,346,1049,348,1047,1051,355,1052,354,346,1051,1051,355,1048,358,344,1052,342,1055,1046,360,341,1054,

Decimal: 14330290 (24Bit) Binary: 110110101010100110110010 Tri-State: not applicable PulseLength: 348 microseconds Protocol: 1
Raw data: 10800,1042,365,1044,363,339,1057,1043,366,1039,367,337,1060,1043,362,338,1060,1043,365,335,1060,1043,365,337,1060,1042,365,335,1064,334,1062,1042,366,1039,369,334,1063,1040,366,1042,367,332,1065,332,1065,1039,369,334,1063,

Decimal: 14330290 (24Bit) Binary: 110110101010100110110010 Tri-State: not applicable PulseLength: 348 microseconds Protocol: 1
Raw data: 10803,1044,364,1046,362,339,1058,1045,362,1045,363,336,1061,1043,364,337,1060,1043,364,336,1062,1042,365,336,1063,1039,368,335,1061,336,1062,1039,368,1041,366,335,1063,1041,367,1039,368,335,1063,335,1062,1040,369,333,1063,

Decimal: 14330290 (24Bit) Binary: 110110101010100110110010 Tri-State: not applicable PulseLength: 348 microseconds Protocol: 1
Raw data: 10806,1043,364,1044,363,338,1059,1043,364,1044,363,337,1063,1040,367,333,1063,1042,365,337,1061,1043,364,336,1063,1041,367,333,1064,334,1063,1042,367,1041,366,334,1064,1038,370,1038,369,334,1065,333,1064,1038,371,331,1066,

Decimal: 14330290 (24Bit) Binary: 110110101010100110110010 Tri-State: not applicable PulseLength: 348 microseconds Protocol: 1
Raw data: 10809,1045,363,1044,363,341,1057,1045,360,1047,363,335,1061,1045,364,336,1062,1042,365,337,1061,1040,367,336,1061,1044,364,337,1061,335,1063,1042,365,1042,367,334,1065,1039,367,1040,368,336,1065,332,1064,1039,369,335,1063,

Decimal: 14330290 (24Bit) Binary: 110110101010100110110010 Tri-State: not applicable PulseLength: 347 microseconds Protocol: 1
Raw data: 10795,1049,356,1048,358,343,1053,1045,361,1048,359,339,1058,1043,365,336,1058,1044,367,334,1059,1043,365,336,1058,1043,364,337,1061,337,1060,1042,363,1042,365,335,1064,1039,368,1038,368,334,1063,334,1061,1041,371,329,1069,


===========================================================================
RESET CODE
===========================================================================
Decimal: 14330296 (24Bit) Binary: 110110101010100110111000 Tri-State: not applicable PulseLength: 346 microseconds Protocol: 1
Raw data: 10767,1042,360,1047,357,341,1051,1045,358,1043,360,339,1053,1043,360,340,1053,1042,361,340,1052,1043,361,338,1055,1040,363,337,1056,339,1054,1040,363,1042,362,336,1057,1041,362,1040,363,1042,363,336,1058,334,1058,338,1056,

Decimal: 14330296 (24Bit) Binary: 110110101010100110111000 Tri-State: not applicable PulseLength: 345 microseconds Protocol: 1
Raw data: 10766,1049,355,1073,331,365,1031,1062,340,1061,343,355,1038,1057,346,349,1043,1053,351,349,1044,1051,352,348,1044,1050,353,346,1049,345,1046,1049,356,1045,358,343,1051,1047,356,1045,359,1045,359,341,1054,340,1053,339,1055,

Decimal: 14330296 (24Bit) Binary: 110110101010100110111000 Tri-State: not applicable PulseLength: 347 microseconds Protocol: 1
Raw data: 10786,1041,363,1046,360,338,1055,1041,365,1040,365,336,1058,1039,365,335,1059,1039,366,332,1062,1038,370,332,1062,1032,375,326,1063,333,1065,1034,371,1032,373,328,1063,1037,371,1034,371,1034,372,326,1070,326,1068,327,1066,

Decimal: 14330296 (24Bit) Binary: 110110101010100110111000 Tri-State: not applicable PulseLength: 346 microseconds Protocol: 1
Raw data: 10778,1043,359,1060,346,358,1034,1057,344,1060,347,349,1046,1051,351,349,1045,1051,349,352,1045,1049,357,340,1054,1048,356,341,1053,342,1053,1043,358,1049,358,342,1054,1040,364,1041,364,1040,364,335,1061,334,1060,336,1057,

Decimal: 14330296 (24Bit) Binary: 110110101010100110111000 Tri-State: not applicable PulseLength: 348 microseconds Protocol: 1
Raw data: 10799,1037,369,1034,370,331,1066,1033,371,1034,372,331,1064,1033,374,326,1070,1030,375,325,1073,1028,375,325,1071,1030,377,323,1072,324,1071,1028,380,1027,377,323,1074,1026,384,1021,381,1025,382,318,1076,321,1077,318,1076,

Decimal: 14330296 (24Bit) Binary: 110110101010100110111000 Tri-State: not applicable PulseLength: 347 microseconds Protocol: 1
Raw data: 10796,1038,364,1042,364,337,1057,1038,369,1038,368,331,1061,1040,367,332,1063,1037,367,333,1062,1038,369,333,1063,1035,370,330,1068,328,1064,1036,369,1035,371,328,1069,1031,375,1032,373,1031,375,325,1070,327,1074,322,1071,

Decimal: 14330296 (24Bit) Binary: 110110101010100110111000 Tri-State: not applicable PulseLength: 347 microseconds Protocol: 1
Raw data: 10794,1040,366,1042,364,336,1058,1042,365,1039,366,337,1059,1040,365,335,1063,1036,369,331,1063,1036,372,330,1063,1037,369,333,1063,332,1064,1036,370,1035,370,330,1064,1038,367,1039,370,1035,374,326,1071,324,1069,329,1067,

Decimal: 14330296 (24Bit) Binary: 110110101010100110111000 Tri-State: not applicable PulseLength: 347 microseconds Protocol: 1
Raw data: 10796,1041,362,1047,359,338,1056,1044,362,1043,365,335,1060,1041,367,334,1059,1042,364,334,1062,1039,365,336,1061,1039,367,334,1062,333,1063,1039,367,1037,369,333,1063,1039,368,1036,370,1038,369,329,1066,331,1066,332,1064,

Decimal: 14330296 (24Bit) Binary: 110110101010100110111000 Tri-State: not applicable PulseLength: 346 microseconds Protocol: 1
Raw data: 10786,1047,360,1066,340,358,1039,1060,344,1060,345,353,1042,1054,350,353,1043,1053,353,347,1047,1051,355,345,1049,1050,355,344,1053,345,1050,1048,359,1047,357,341,1056,1045,360,1045,361,1043,365,336,1060,335,1061,336,1059,

Decimal: 14330296 (24Bit) Binary: 110110101010100110111000 Tri-State: not applicable PulseLength: 346 microseconds Protocol: 1
Raw data: 10786,1052,354,1082,325,374,1026,1062,340,1061,347,356,1038,1058,348,350,1046,1054,353,349,1046,1051,354,345,1051,1049,356,346,1049,345,1050,1051,356,1049,356,343,1053,1048,359,1046,360,1047,360,337,1059,339,1058,337,1059,

Decimal: 14330296 (24Bit) Binary: 110110101010100110111000 Tri-State: not applicable PulseLength: 348 microseconds Protocol: 1
Raw data: 10808,1039,368,1041,365,335,1061,1040,366,1039,371,328,1070,1034,373,329,1066,1037,370,331,1063,1039,371,329,1068,1036,372,327,1070,326,1069,1036,372,1035,372,328,1069,1035,372,1033,373,1035,374,327,1068,328,1072,326,1071,

Decimal: 14330296 (24Bit) Binary: 110110101010100110111000 Tri-State: not applicable PulseLength: 348 microseconds Protocol: 1
Raw data: 10802,1040,367,1044,363,337,1057,1045,362,1042,366,335,1060,1042,364,336,1061,1042,364,336,1060,1042,367,334,1059,1041,367,334,1063,335,1062,1039,367,1039,369,333,1064,1038,369,1037,370,1037,370,330,1069,329,1068,329,1067,

Decimal: 14330296 (24Bit) Binary: 110110101010100110111000 Tri-State: not applicable PulseLength: 348 microseconds Protocol: 1
Raw data: 10813,1037,370,1040,366,335,1063,1042,367,1038,369,332,1065,1038,369,333,1066,1036,373,328,1067,1036,374,328,1067,1036,373,329,1069,328,1068,1037,372,1036,371,328,1070,1035,375,1032,374,1034,377,324,1073,326,1071,327,1071,

Decimal: 14330296 (24Bit) Binary: 110110101010100110111000 Tri-State: not applicable PulseLength: 348 microseconds Protocol: 1
Raw data: 10817,1042,365,1041,367,335,1064,1038,372,1035,372,331,1065,1039,369,333,1066,1039,369,333,1066,1037,370,330,1073,1032,373,329,1068,332,1068,1036,372,1034,375,329,1070,1035,370,1037,373,1035,374,328,1073,326,1071,326,1071,

Decimal: 14330296 (24Bit) Binary: 110110101010100110111000 Tri-State: not applicable PulseLength: 349 microseconds Protocol: 1
Raw data: 10824,1037,370,1038,370,331,1067,1038,372,1037,370,330,1070,1035,371,330,1071,1037,371,329,1070,1036,375,324,1074,1032,375,330,1070,327,1071,1034,376,1032,377,325,1072,1033,377,1032,376,1034,378,322,1080,321,1075,324,1073,

Decimal: 14330296 (24Bit) Binary: 110110101010100110111000 Tri-State: not applicable PulseLength: 349 microseconds Protocol: 1
Raw data: 10824,1039,369,1036,370,332,1068,1037,371,1036,373,333,1067,1038,371,330,1067,1039,371,332,1068,1035,375,329,1072,1033,377,324,1074,327,1071,1035,371,1037,374,328,1072,1034,375,1034,377,1031,377,326,1072,329,1073,327,1074,

Decimal: 14330296 (24Bit) Binary: 110110101010100110111000 Tri-State: not applicable PulseLength: 349 microseconds Protocol: 1
Raw data: 10830,1038,370,1040,369,332,1067,1037,373,1038,370,331,1069,1038,369,335,1067,1038,371,330,1070,1035,375,329,1070,1035,375,326,1073,328,1070,1037,374,1034,374,330,1068,1039,372,1035,376,1033,375,328,1072,328,1071,329,1072,

Decimal: 14330296 (24Bit) Binary: 110110101010100110111000 Tri-State: not applicable PulseLength: 349 microseconds Protocol: 1
Raw data: 10830,1043,365,1040,368,336,1064,1041,371,1038,369,334,1067,1039,371,332,1068,1038,371,330,1072,1036,372,329,1070,1039,371,330,1068,333,1069,1035,375,1035,375,328,1073,1035,372,1037,373,1037,373,330,1073,326,1070,330,1073,

Decimal: 14330296 (24Bit) Binary: 110110101010100110111000 Tri-State: not applicable PulseLength: 349 microseconds Protocol: 1
Raw data: 10833,1040,368,1038,371,331,1068,1040,371,1037,373,329,1071,1038,373,327,1070,1039,373,329,1070,1040,366,334,1070,1037,372,329,1071,329,1072,1035,373,1037,375,328,1073,1033,377,1034,376,1032,379,324,1074,327,1076,324,1074,

Decimal: 14330296 (24Bit) Binary: 110110101010100110111000 Tri-State: not applicable PulseLength: 348 microseconds Protocol: 1
Raw data: 10816,1042,367,1042,365,335,1064,1042,367,1038,370,333,1064,1040,369,330,1067,1039,372,328,1067,1039,371,331,1067,1036,373,328,1071,328,1068,1037,371,1037,369,332,1069,1037,371,1036,373,1036,374,327,1071,328,1071,329,1068,





===========================================================================
HIDDEN BUTTON
===========================================================================
Decimal: 14330292 (24Bit) Binary: 110110101010100110110100 Tri-State: not applicable PulseLength: 346 microseconds Protocol: 1
Raw data: 10778,1046,357,1059,343,355,1038,1055,347,1056,347,350,1043,1053,350,348,1045,1052,351,347,1046,1050,352,347,1048,1049,354,343,1051,344,1049,1047,357,1045,357,343,1052,1045,357,1046,358,341,1052,1045,359,340,1056,340,1053,

Decimal: 14330292 (24Bit) Binary: 110110101010100110110100 Tri-State: not applicable PulseLength: 348 microseconds Protocol: 1
Raw data: 10801,1038,365,1041,364,336,1058,1040,364,1040,365,335,1060,1039,366,334,1061,1039,365,334,1062,1039,365,335,1060,1040,365,334,1062,334,1061,1039,366,1037,369,332,1062,1037,368,1037,368,331,1065,1036,369,332,1063,332,1065,

Decimal: 14330292 (24Bit) Binary: 110110101010100110110100 Tri-State: not applicable PulseLength: 347 microseconds Protocol: 1
Raw data: 10804,1043,360,1045,360,340,1056,1043,362,1043,362,338,1058,1044,362,339,1058,1041,363,338,1059,1041,364,337,1061,1041,364,335,1061,336,1061,1041,364,1040,366,335,1061,1040,366,1040,367,333,1063,1039,367,334,1063,334,1063,

Decimal: 14330292 (24Bit) Binary: 110110101010100110110100 Tri-State: not applicable PulseLength: 348 microseconds Protocol: 1
Raw data: 10801,1044,361,1046,359,341,1054,1047,359,1045,360,340,1056,1045,361,339,1056,1045,361,338,1058,1044,362,338,1058,1043,362,338,1058,338,1059,1042,364,1041,364,336,1060,1041,365,1040,365,336,1061,1040,366,335,1062,334,1062,

Decimal: 14330292 (24Bit) Binary: 110110101010100110110100 Tri-State: not applicable PulseLength: 347 microseconds Protocol: 1
Raw data: 10797,1049,357,1063,343,356,1039,1059,347,1059,346,353,1044,1056,349,349,1048,1053,352,349,1048,1052,353,349,1048,1051,355,346,1050,346,1052,1049,356,1050,356,344,1053,1049,357,1047,359,342,1055,1047,359,342,1055,342,1055,

Decimal: 14330292 (24Bit) Binary: 110110101010100110110100 Tri-State: not applicable PulseLength: 346 microseconds Protocol: 1
Raw data: 10797,1049,357,1064,342,358,1038,1061,344,1058,348,354,1042,1056,349,352,1045,1053,351,350,1047,1053,352,349,1049,1049,355,348,1048,347,1051,1049,355,1051,355,344,1053,1049,356,1048,359,342,1055,1046,359,342,1056,341,1056,

Decimal: 14330292 (24Bit) Binary: 110110101010100110110100 Tri-State: not applicable PulseLength: 346 microseconds Protocol: 1
Raw data: 10799,1048,357,1062,343,355,1040,1060,346,1058,347,353,1043,1057,348,352,1045,1054,351,349,1048,1053,352,348,1049,1051,355,346,1051,346,1050,1051,355,1049,357,345,1051,1049,358,1048,357,343,1056,1045,360,342,1055,342,1055,

Decimal: 14330292 (24Bit) Binary: 110110101010100110110100 Tri-State: not applicable PulseLength: 346 microseconds Protocol: 1
Raw data: 10797,1049,356,1061,344,357,1039,1059,347,1057,346,355,1042,1056,349,350,1047,1055,350,350,1046,1055,351,347,1050,1051,354,347,1049,348,1049,1051,354,1050,356,345,1052,1050,356,1047,359,343,1055,1046,359,342,1055,342,1056,

Decimal: 14330292 (24Bit) Binary: 110110101010100110110100 Tri-State: not applicable PulseLength: 348 microseconds Protocol: 1
Raw data: 10816,1042,364,1044,363,338,1060,1042,364,1042,365,336,1061,1042,365,336,1063,1041,365,335,1063,1040,367,334,1064,1040,367,333,1064,336,1062,1040,367,1040,368,332,1066,1038,369,1039,369,331,1066,1037,370,333,1066,332,1065,

Decimal: 14330292 (24Bit) Binary: 110110101010100110110100 Tri-State: not applicable PulseLength: 348 microseconds Protocol: 1
Raw data: 10811,1043,362,1047,359,342,1055,1047,360,1045,360,341,1057,1045,362,340,1058,1043,362,340,1058,1043,363,339,1059,1043,363,338,1060,337,1061,1041,365,1042,365,337,1061,1041,366,1039,367,335,1063,1040,366,336,1063,335,1063,

Decimal: 14330292 (24Bit) Binary: 110110101010100110110100 Tri-State: not applicable PulseLength: 346 microseconds Protocol: 1
Raw data: 10803,1048,359,1061,344,357,1040,1059,346,1057,349,352,1046,1054,350,352,1046,1053,352,349,1048,1053,353,347,1049,1052,354,347,1051,346,1050,1051,356,1049,357,344,1054,1048,358,1047,359,343,1055,1047,360,342,1055,341,1057,

